2da Quincena de Julio de EMPLEADOS
277700000015060201750421530232051930000404668300000000
277700000017694401750421560231023780001153780100000000
277700000021322501750421510231025971000465123700000000
277700000016984501750421510070970599001222338200000000
277700000021720701750421570231026010001146668600000000
277700000028514201750421500060836512000547729400000000
277700000035377501750421560071251310001542365200000000
277700000014280101750421510232051928001020460300000000
277700000016770901750421550231025960001153633400000000
277700000032234101750421590060888537001366957300000000
277700000011884301750421500231026045001267620200000000
277700000063011901750421580071746220000696689500000000
277700000021930701750421580231025995001567636900000000
277700000026326301750421530071251317001222215600000000
277700000023267801750421540231025983001654733300000000
277700000024076301750421570070970601001693143200000000
277700000012478301750421530231026057001019945600000000
277700000019115201750421540060910788001693029700000000
277700000012735701750421590232051941001693197500000000
277700000035342501750421560071251307000394676700000000
277700000020610101750421590070970600001422011300000000
277700000026583701750421550060836618000838833900000000
277700000023039501750333240042406318001354165200000000
277700000019501301750421560232051965001633562700000000
0175042154023102580620130726000000000055986270024